0 93.9964 290.224 33.7298 131.873 87.5786 18.4549 88.8784 79.7017 92.5971 108.947 241.878 123.613 203.66 72.6877 258.784 290.011 255.406 115.875 302.895 273.833 114.617 89.075 143.736 172.4 44.9076 94.2439 210.137 168.635 146.928 159.516 95.5006 17.5589 15.0429 236.986 88.1071 90.9766 47.712 184.631 70.9592 59.2522 164.409 129.759 130.884 296.393 61.4781 132.966 47.0776 42.7925 92.752
93.9964 0 198.162 74.7801 96.8864 56.4185 100.499 75.3262 31.7952 126.841 42.7926 159.143 177.495 110.05 66.6508 171.84 199.871 161.612 66.7288 212.478 182.431 98.2621 54.8914 159.197 154.097 49.22 9.46611 136.651 74.6411 62.1678 71.9238 103.668 78.8228 79.5901 169.59 29.8563 56.4887 113.196 101.951 87.2659 35.3732 133.51 123.715 175.171 212.649 103.447 63.4116 69.0571 116.51 1.33695
290.224 198.162 0 263.952 202.46 237.312 298.504 228.057 211.959 282.571 185.867 76.6605 332.657 89.9634 234.709 50.9088 20.2409 46.8533 192.304 22.6254 17.7268 262.605 234.935 280.182 232.416 246.625 200.9 117.622 126.81 169.9 131.711 250.878 276.401 276.657 129.346 216.516 235.022 295.218 114.254 276.193 231.2 208.366 241.116 321.392 66.3945 276.255 197.572 253.201 314.283 199.488
33.7298 74.7801 263.952 0 98.1492 89.5241 50.7439 55.1905 52.1263 69.8681 79.1482 211.457 111.956 180.23 38.9762 229.65 262.262 232.017 83.0371 275.249 247.087 125.729 90.2141 117.651 140.389 34.4326 78.1719 178.076 147.239 134.574 132.27 64.8482 33.37 29.7011 203.941 79.8159 92.4158 39.3874 154.987 87.629 40.5087 131.091 98.3695 114.777 265.869 38.5482 126.764 13.3898 75.0718 73.766
131.873 96.8864 202.46 98.1492 0 149.421 148.51 43.0684 72.3868 82.662 55.5385 133.976 130.478 140.851 59.3159 157.49 194.428 185.334 30.5008 207.13 184.742 192.341 148.484 81.2469 57.5783 108.882 106.332 93.2672 124.391 146.574 87.5868 52.0662 128.338 125.655 111.06 124.9 150.439 110.545 89.528 169.108 96.4845 37.2627 40.1526 118.962 184.945 87.2366 157.67 84.8622 172.384 97.323
87.5786 56.4185 237.312 89.5241 149.421 0 82.9252 118.688 77.3908 157.325 98.3104 209.812 201.453 147.448 104.597 219.017 242.562 195.249 120.571 254.457 223.409 42.9204 2.40527 199.544 204.958 55.4636 47.8342 191.478 110.832 71.2744 122.958 142.68 70.2654 73.6914 225.169 26.6957 3.4758 126.692 154.469 39.2293 57.951 186.651 169.647 203.91 261.552 127.464 49.223 92.5322 87.1053 55.4728
18.4549 100.499 298.504 50.7439 148.51 82.9252 0 105.775 91.3904 110.764 121.254 253.642 139.297 210.471 89.1969 269.39 299.404 261.829 130.664 312.168 282.527 103.807 84.7789 162.082 190.506 52.0562 99.034 223.597 174.537 147.923 169.332 113.796 22.6867 23.8285 251.601 89.0497 86.4009 64.7656 196.014 58.9337 67.9637 181.835 147.983 147.628 308.095 79.8572 130.896 63.758 24.5 99.1876
88.8784 75.3262 228.057 55.1905 43.0684 118.688 105.775 0 44.056 57.8377 48.1447 166.671 110.407 153.812 16.9735 187.784 223.055 203.327 35.8999 236.047 210.496 160.801 118.28 83.8912 88.994 70.5022 83.7162 129.265 128.039 135.063 100.067 29.2313 86.3134 83.3633 151.694 97.7615 120.433 70.7065 114.223 131.795 61.3499 76.4949 50.9749 104.255 219.994 49.0227 138.656 42.0175 129.872 75.186
79.7017 31.7952 211.959 52.1263 72.3868 77.3908 91.3904 44.056 0 95.4092 29.9487 162.411 146.675 128.382 34.9941 179.097 210.777 180.079 45.2603 223.721 195.2 120.251 76.6205 127.881 127.592 41.6462 39.7531 132.691 96.5292 93.3593 80.4105 71.949 68.7493 67.7963 162.264 54.3796 78.6603 87.0455 104.979 97.995 26.2727 109.642 93.8731 143.67 216.913 73.9491 94.7506 42.6309 112.14 31.4877
92.5971 126.841 282.571 69.8681 82.662 157.325 110.764 57.8377 95.4092 0 105.921 216.45 52.5829 211.402 60.4729 239.446 275.914 260.305 91.3678 288.759 264.873 195.339 157.669 51.9291 94.1886 102.075 133.738 175.916 185.75 188.762 157.347 31.693 100.776 96.6036 191.223 142.576 159.906 48.2424 168.341 157.212 101.405 97.9992 54.2838 48.345 267.567 31.857 187.832 64.7928 134.128 126.346
108.947 42.7926 185.867 79.1482 55.5385 98.3104 121.254 48.1447 29.9487 105.921 0 132.934 158.504 106.757 49.7454 150.517 183.323 157.354 25.0606 196.333 168.72 140.746 96.9987 126.791 113.116 71.3653 52.1972 102.785 79.8986 92.2334 54.5804 76.7389 98.6487 97.5716 132.896 72.2712 98.7412 109.54 75.9248 124.609 55.5376 91.2911 87.7161 152.216 187.448 92.0567 102.132 67.5979 142.068 43.4745
241.878 159.143 76.6605 211.457 133.976 209.812 253.642 166.671 162.411 216.45 132.934 0 263.933 81.5169 176.874 25.9643 63.2761 85.2431 131.305 75.0765 60.7454 244.452 207.675 207.383 156.95 202.335 165.004 42.5233 106.908 156.256 87.4379 185.203 230.956 230.184 54.771 184.657 208.474 236.976 57.7566 245.488 186.178 133.931 170.165 251.158 54.5155 215.673 182.841 199.118 273.191 160.44
123.613 177.495 332.657 111.956 130.478 201.453 139.297 110.407 146.675 52.5829 158.504 263.933 0 263.726 112.16 287.879 324.902 312.145 143.225 337.584 314.93 235.821 202.169 66.2151 123.489 146.3 183.716 222.239 238.322 239.658 209.529 83.146 136.778 132.592 232.965 190.176 204.368 76.5816 218.803 193.963 148.983 136.239 94.4473 18.1201 313.065 75.1575 236.556 111.139 158.893 176.884
203.66 110.05 89.9634 180.23 140.851 147.448 210.471 153.812 128.382 211.402 106.757 81.5169 263.726 0 156.364 78.9891 95.7661 51.8501 120.8 107.256 76.0998 174.742 145.08 222.053 187.131 159.179 111.835 92.8314 36.8702 82.1184 54.3643 180.668 188.863 189.515 124.738 126.658 145.226 214.853 59.1111 186.247 144.429 160.884 180.873 255.586 122.415 198.685 109.996 170.915 225.116 111.346
72.6877 66.6508 234.709 38.9762 59.3159 104.597 89.1969 16.9735 34.9941 60.4729 49.7454 176.874 112.16 156.364 0 196.76 231.028 207.099 45.9225 244.056 217.36 146.046 104.395 95.3486 105.615 54.2129 74.0531 141.298 127.61 128.342 104.169 38.4517 69.4011 66.5233 165.682 85.5353 106.593 60.6892 122.265 115.442 46.6701 93.4449 66.2368 108.687 230.842 42.3292 128.833 25.6106 113.149 66.2422
258.784 171.84 50.9088 229.65 157.49 219.017 269.39 187.784 179.097 239.446 150.517 25.9643 287.879 78.9891 196.76 0 37.5976 67.1133 151.985 49.8542 35.8448 250.735 216.769 232.522 182.776 217.503 176.634 68.0461 110.755 159.538 100.305 207.943 246.766 246.354 78.8343 195.105 217.323 257.33 74.7333 256.188 201.454 159.469 194.663 275.563 43.598 236.754 187.085 217.799 287.73 173.169
290.011 199.871 20.2409 262.262 194.428 242.562 299.404 223.055 210.777 275.914 183.323 63.2761 324.902 95.7661 231.028 37.5976 0 61.0355 187.155 13.0294 20.7 270.408 240.223 270.086 220.226 247.35 203.504 105.616 131.794 177.618 130.5 244.301 276.997 276.943 113.139 220.402 240.493 291.717 108.914 280.934 231.573 197.055 232.027 312.842 46.1627 271.81 205.497 250.92 316.381 201.207
255.406 161.612 46.8533 232.017 185.334 195.249 261.829 203.327 180.079 260.305 157.354 85.2431 312.145 51.8501 207.099 67.1133 61.0355 0 168.978 68.6457 41.1338 217.831 192.848 266.149 225.101 210.812 162.892 116.139 87.334 125.814 103.304 229.039 240.423 241.174 139.237 176.408 192.721 266.227 96.6139 234.441 196.206 199.364 225.396 302.885 101.994 249.404 153.03 222.523 275.712 162.893
115.875 66.7288 192.304 83.0371 30.5008 120.571 130.664 35.8999 45.2603 91.3678 25.0606 131.305 143.225 120.8 45.9225 151.985 187.155 168.978 0 200.149 174.708 163.403 119.476 104.635 88.0757 85.319 76.1942 95.4313 99.0625 116.767 66.4514 60.0821 108.904 106.942 121.117 95.3524 121.351 105.673 78.336 143.255 71.0836 66.7819 64.3496 134.799 185.055 84.775 127.178 69.9027 153.343 67.2397
302.895 212.478 22.6254 275.249 207.13 254.457 312.168 236.047 223.721 288.759 196.333 75.0765 337.584 107.256 244.056 49.8542 13.0294 68.6457 200.149 0 31.1861 281.539 252.106 282.31 231.851 260.12 215.96 117.578 143.626 188.699 143.404 257.165 289.792 289.773 123.008 232.612 252.327 304.745 121.929 292.979 244.379 209.007 244.51 325.389 49.1106 284.819 216.537 263.93 328.976 213.813
273.833 182.431 17.7268 247.087 184.742 223.409 282.527 210.496 195.2 264.873 168.72 60.7454 314.93 76.0998 217.36 35.8448 20.7 41.1338 174.708 31.1861 0 250.376 221.052 262.614 215.32 230.546 185.57 100.715 112.585 157.539 114.822 233.18 260.294 260.435 114.636 201.838 221.248 277.932 96.5793 262.026 214.976 191.062 223.449 303.68 61.7027 258.792 185.389 236.172 298.813 183.763
114.617 98.2621 262.605 125.729 192.341 42.9204 103.807 160.801 120.251 195.339 140.746 244.452 235.821 174.742 146.046 250.735 270.408 217.831 163.403 281.539 250.376 0 43.9279 240.038 247.747 93.8696 89.1742 230.101 140.063 92.8408 159.715 183.533 99.4118 103.505 264.521 68.492 42.069 159.408 191.474 44.986 99.5253 229.569 211.758 240.246 294.071 164.277 65.0429 131.19 97.4188 97.442
89.075 54.8914 234.935 90.2141 148.484 2.40527 84.7789 118.28 76.6205 157.669 96.9987 207.675 202.169 145.08 104.395 216.769 240.223 192.848 119.476 252.106 221.052 43.9279 0 199.475 204.213 56.0062 46.1721 189.592 108.48 68.8888 120.898 142.575 71.6963 75.0538 223.361 25.0678 2.23869 127.649 152.444 41.6345 57.8179 185.69 169.211 204.42 259.339 127.997 47.032 92.8857 89.3116 53.9784
143.736 159.197 280.182 117.651 81.2469 199.544 162.082 83.8912 127.881 51.9291 126.791 207.383 66.2151 222.053 95.3486 232.522 270.086 266.149 104.635 282.31 262.614 240.038 199.475 0 57.815 146.293 167.596 164.89 203.556 217.887 168.424 56.9366 150.251 146.209 170.71 180.77 201.691 100.145 169.74 205.011 141.662 74.3668 41.1927 49.0963 253.253 82.2654 222.547 109.461 185.762 159.073
172.4 154.097 232.416 140.389 57.5783 204.958 190.506 88.994 127.592 94.1886 113.116 156.95 123.489 187.131 105.615 182.776 220.226 225.101 88.0757 231.851 215.32 247.747 204.213 57.815 0 159.483 163.496 114.866 177.076 203.54 137.847 77.302 173.356 169.953 115.006 181.377 206.251 138.047 129.591 220.763 149.392 26.2499 42.9725 106.82 198.96 115.337 215.248 128.465 215.005 154.463
44.9076 49.22 246.625 34.4326 108.882 55.4636 52.0562 70.5022 41.6462 102.075 71.3653 202.335 146.3 159.179 54.2129 217.503 247.35 210.812 85.319 260.12 230.546 93.8696 56.0062 146.293 159.483 0 49.4241 174.126 123.837 103.61 117.334 90.1811 29.7811 30.3701 203.906 46.3481 58.227 73.0578 144.594 61.2941 16.1581 145.272 120.382 148.446 256.67 72.0032 93.1581 37.4239 70.9729 47.9533
94.2439 9.46611 200.9 78.1719 106.332 47.8342 99.034 83.7162 39.7531 133.738 52.1972 165.004 183.716 111.835 74.0531 176.634 203.504 162.892 76.1942 215.96 185.57 89.1742 46.1721 167.596 163.496 49.4241 0 144.129 75.5592 56.6747 77.5666 111.654 78.1908 79.4508 177.496 21.139 47.6567 117.228 108.345 80.5662 37.7433 142.976 132.667 182.075 218.04 109.088 54.9987 73.8805 113.398 9.03513
210.137 136.651 117.622 178.076 93.2672 191.478 223.597 129.265 132.691 175.916 102.785 42.5233 222.239 92.8314 141.298 68.0461 105.616 116.139 95.4313 117.578 100.715 230.101 189.592 164.89 114.866 174.126 144.129 0 104.25 150.218 71.3122 145.161 201.138 199.792 35.3013 165.035 190.78 199.969 40.8008 223.806 158.19 91.448 128.104 209.075 91.6933 177.765 173.833 165.137 244.83 137.829
168.635 74.6411 126.81 147.239 124.391 110.832 174.537 128.039 96.5292 185.75 79.8986 106.908 238.322 36.8702 127.61 110.755 131.794 87.334 99.0625 143.626 112.585 140.063 108.48 203.556 177.076 123.837 75.5592 104.25 0 49.3871 40.0668 156.506 153.299 154.2 139.217 89.7988 108.712 183.567 63.7937 149.48 109.709 151.33 162.784 232.036 154.228 169.391 76.4761 139.043 188.536 75.893
146.928 62.1678 169.9 134.574 146.574 71.2744 147.923 135.063 93.3593 188.762 92.2334 156.256 239.658 82.1184 128.342 159.538 177.618 125.814 116.767 188.699 157.539 92.8408 68.8888 217.887 203.54 103.61 56.6747 150.218 49.3871 0 79.8915 164.121 129.766 131.886 185.516 59.0403 68.37 173.794 109.469 110.277 94.068 179.668 179.796 237.028 203.119 165.489 27.8882 130.532 156.743 62.8108
159.516 71.9238 131.711 132.27 87.5868 122.958 169.332 100.067 80.4105 157.347 54.5804 87.4379 209.529 54.3643 104.169 100.305 130.5 103.304 66.4514 143.404 114.822 159.715 120.898 168.424 137.847 117.334 77.5666 71.3122 40.0668 79.8915 0 126.41 146.787 146.578 106.481 97.3729 121.843 164.103 31.7621 158.069 101.372 111.867 127.247 201.224 140.726 146.356 102.572 121.525 187.426 73.2369
95.5006 103.668 250.878 64.8482 52.0662 142.68 113.796 29.2313 71.949 31.693 76.7389 185.203 83.146 180.668 38.4517 207.943 244.301 229.039 60.0821 257.165 233.18 183.533 142.575 56.9366 77.302 90.1811 111.654 145.161 156.506 164.121 126.41 0 98.2181 94.504 162.425 123.97 144.788 62.4197 136.651 150.226 84.7573 73.7478 34.3787 75.5352 236.851 38.9024 166.637 54.5305 138.265 103.417
17.5589 78.8228 276.401 33.37 128.338 70.2654 22.6867 86.3134 68.7493 100.776 98.6487 230.956 136.778 188.863 69.4011 246.766 276.997 240.423 108.904 289.792 260.294 99.4118 71.6963 150.251 173.356 29.7811 78.1908 201.138 153.299 129.766 146.787 98.2181 0 4.23837 229.541 70.8113 73.6353 60.2003 173.329 57.3867 45.4337 162.802 131.624 142.47 285.409 68.9233 115.414 44.9281 44.4636 77.5347
15.0429 79.5901 276.657 29.7011 125.655 73.6914 23.8285 83.3633 67.7963 96.6036 97.5716 230.184 132.592 189.515 66.5233 246.354 276.943 241.174 106.942 289.773 260.435 103.505 75.0538 146.209 169.953 30.3701 79.4508 199.792 154.2 131.886 146.578 94.504 4.23837 0 227.804 73.0917 77.0302 56.0226 172.65 61.6191 45.4626 159.8 128.061 138.234 284.672 64.7577 118.207 41.6791 46.7811 78.3229
236.986 169.59 129.346 203.941 111.06 225.169 251.601 151.694 162.264 191.223 132.896 54.771 232.965 124.738 165.682 78.8343 113.139 139.237 121.117 123.008 114.636 264.521 223.361 170.71 115.006 203.906 177.496 35.3013 139.217 185.516 106.481 162.425 229.541 227.804 0 198.563 224.641 221.382 76.0707 256.226 188.332 96.8832 139.107 218.047 84.545 198.239 209.048 190.662 273.786 170.712
88.1071 29.8563 216.516 79.8159 124.9 26.6957 89.0497 97.7615 54.3796 142.576 72.2712 184.657 190.176 126.658 85.5353 195.105 220.402 176.408 95.3524 232.612 201.838 68.492 25.0678 180.77 181.377 46.3481 21.139 165.035 89.7988 59.0403 97.3729 123.97 70.8113 73.0917 198.563 0 26.6328 119.048 128.603 61.0912 41.31 161.941 148.175 190.457 237.11 115.036 46.9546 79.0536 99.7352 28.9827
90.9766 56.4887 235.022 92.4158 150.439 3.4758 86.4009 120.433 78.6603 159.906 98.7412 208.474 204.368 145.226 106.593 217.323 240.493 192.721 121.351 252.327 221.248 42.069 2.23869 201.691 206.251 58.227 47.6567 190.78 108.712 68.37 121.843 144.788 73.6353 77.0302 224.641 26.6328 0 129.79 153.441 41.9438 60.0311 187.631 171.355 206.648 259.977 130.221 45.8914 95.1225 90.452 55.6034
47.712 113.196 295.218 39.3874 110.545 126.692 64.7656 70.7065 87.0455 48.2424 109.54 236.976 76.5816 214.853 60.6892 257.33 291.717 266.227 105.673 304.745 277.932 159.408 127.649 100.145 138.047 73.0578 117.228 199.969 183.567 173.794 164.103 62.4197 60.2003 56.0226 221.382 119.048 129.79 0 182.932 117.414 79.7633 136.147 95.432 83.1718 290.577 23.66 165.999 44.623 86.9806 112.267
184.631 101.951 114.254 154.987 89.528 154.469 196.014 114.223 104.979 168.341 75.9248 57.7566 218.803 59.1111 122.265 74.7333 108.914 96.6139 78.336 121.929 96.5793 191.474 152.444 169.74 129.591 144.594 108.345 40.8008 63.7937 109.469 31.7621 136.651 173.329 172.65 76.0707 128.603 153.441 182.932 0 188.892 128.439 103.509 129.277 208.231 112.098 162.901 133.515 143.069 215.435 103.225
70.9592 87.2659 276.193 87.629 169.108 39.2293 58.9337 131.795 97.995 157.212 124.609 245.488 193.963 186.247 115.442 256.188 280.934 234.441 143.255 292.979 262.026 44.986 41.6345 205.011 220.763 61.2941 80.5662 223.806 149.48 110.277 158.069 150.226 57.3867 61.6191 256.226 61.0912 41.9438 117.414 188.892 0 72.6561 205.945 181.457 199.845 298.17 125.449 86.5065 95.8324 53.801 86.0522
59.2522 35.3732 231.2 40.5087 96.4845 57.951 67.9637 61.3499 26.2727 101.405 55.5376 186.178 148.983 144.429 46.6701 201.454 231.573 196.206 71.0836 244.379 214.976 99.5253 57.8179 141.662 149.392 16.1581 37.7433 158.19 109.709 94.068 101.372 84.7573 45.4337 45.4626 188.332 41.31 60.0311 79.7633 128.439 72.6561 0 133.446 112.258 149.169 240.52 73.8258 87.6255 37.8561 87.111 34.2202
164.409 133.51 208.366 131.091 37.2627 186.651 181.835 76.4949 109.642 97.9992 91.2911 133.931 136.239 160.884 93.4449 159.469 197.055 199.364 66.7819 209.007 191.062 229.569 185.69 74.3668 26.2499 145.272 142.976 91.448 151.33 179.668 111.867 73.7478 162.802 159.8 96.8832 161.941 187.631 136.147 103.509 205.945 133.446 0 43.8536 121.164 178.887 112.554 192.942 118.236 206.115 134.02
129.759 123.715 241.116 98.3695 40.1526 169.647 147.983 50.9749 93.8731 54.2838 87.7161 170.165 94.4473 180.873 66.2368 194.663 232.027 225.396 64.3496 244.51 223.449 211.758 169.211 41.1927 42.9725 120.382 132.667 128.104 162.784 179.796 127.247 34.3787 131.624 128.061 139.107 148.175 171.355 95.432 129.277 181.457 112.258 43.8536 0 80.9955 218.631 72.4669 186.929 87.0558 172.475 123.792
130.884 175.171 321.392 114.777 118.962 203.91 147.628 104.255 143.67 48.345 152.216 251.158 18.1201 255.586 108.687 275.563 312.842 302.885 134.799 325.389 303.68 240.246 204.42 49.0963 106.82 148.446 182.075 209.075 232.036 237.028 201.224 75.5352 142.47 138.234 218.047 190.457 206.648 83.1718 208.231 199.845 149.169 121.164 80.9955 0 299.209 76.4525 236.042 111.833 168.626 174.685
296.393 212.649 66.3945 265.869 184.945 261.552 308.095 219.994 216.913 267.567 187.448 54.5155 313.065 122.415 230.842 43.598 46.1627 101.994 185.055 49.1106 61.7027 294.071 259.339 253.253 198.96 256.67 218.04 91.6933 154.228 203.119 140.726 236.851 285.409 284.672 84.545 237.11 259.977 290.577 112.098 298.17 240.52 178.887 218.631 299.209 0 268.844 230.626 253.442 327.438 213.962
61.4781 103.447 276.255 38.5482 87.2366 127.464 79.8572 49.0227 73.9491 31.857 92.0567 215.673 75.1575 198.685 42.3292 236.754 271.81 249.404 84.775 284.819 258.792 164.277 127.997 82.2654 115.337 72.0032 109.088 177.765 169.391 165.489 146.356 38.9024 68.9233 64.7577 198.239 115.036 130.221 23.66 162.901 125.449 73.8258 112.554 72.4669 76.4525 268.844 0 161.417 35.9848 103.748 102.729
132.966 63.4116 197.572 126.764 157.67 49.223 130.896 138.656 94.7506 187.832 102.132 182.841 236.556 109.996 128.833 187.085 205.497 153.03 127.178 216.537 185.389 65.0429 47.032 222.547 215.248 93.1581 54.9987 173.833 76.4761 27.8882 102.572 166.637 115.414 118.207 209.048 46.9546 45.8914 165.999 133.515 86.5065 87.6255 192.942 186.929 236.042 230.626 161.417 0 125.475 136.328 63.4856
47.0776 69.0571 253.201 13.3898 84.8622 92.5322 63.758 42.0175 42.6309 64.7928 67.5979 199.118 111.139 170.915 25.6106 217.799 250.92 222.523 69.9027 263.93 236.172 131.19 92.8857 109.461 128.465 37.4239 73.8805 165.137 139.043 130.532 121.525 54.5305 44.9281 41.6791 190.662 79.0536 95.1225 44.623 143.069 95.8324 37.8561 118.236 87.0558 111.833 253.442 35.9848 125.475 0 87.9054 68.2053
42.7925 116.51 314.283 75.0718 172.384 87.1053 24.5 129.872 112.14 134.128 142.068 273.191 158.893 225.116 113.149 287.73 316.381 275.712 153.343 328.976 298.813 97.4188 89.3116 185.762 215.005 70.9729 113.398 244.83 188.536 156.743 187.426 138.265 44.4636 46.7811 273.786 99.7352 90.452 86.9806 215.435 53.801 87.111 206.115 172.475 168.626 327.438 103.748 136.328 87.9054 0 115.174
92.752 1.33695 199.488 73.766 97.323 55.4728 99.1876 75.186 31.4877 126.346 43.4745 160.44 176.884 111.346 66.2422 173.169 201.207 162.893 67.2397 213.813 183.763 97.442 53.9784 159.073 154.463 47.9533 9.03513 137.829 75.893 62.8108 73.2369 103.417 77.5347 78.3229 170.712 28.9827 55.6034 112.267 103.225 86.0522 34.2202 134.02 123.792 174.685 213.962 102.729 63.4856 68.2053 115.174 0
162.737 80.6477 168.154 152.132 164.315 82.4708 162.436 153.727 111.981 207.367 110.47 163.078 258.127 84.5515 146.972 163.475 177.84 122.406 134.781 188.165 157.325 96.1773 80.1921 236.443 220.957 120.346 74.7386 161.422 57.5158 18.6781 93.0567 182.795 145.358 147.74 196.546 74.6668 79.2438 191.462 120.698 120.265 111.707 196.706 198.142 255.65 206.959 183.775 33.7818 148.597 169.389 81.243
46.1782 120.762 305.464 46.0339 121.826 129.805 61.4608 81.8626 96.0185 56.7843 119.629 247.921 77.8475 224.25 71.3202 268.075 302.255 275.784 116.623 315.284 288.242 160.269 130.944 108.241 148.353 77.9898 124.161 211.124 192.339 180.401 174.104 73.3743 60.983 57.0191 232.663 124.329 133.024 11.2839 193.572 117.09 86.4365 147.122 105.966 86.6701 301.614 34.8253 171.127 53.3882 81.9663 119.767
69.283 137.08 313.955 64.1328 121.6 151.345 84.4664 86.3089 109.57 44.8405 129.582 252.561 54.8746 236.002 79.8483 274.054 309.34 286.922 122.196 322.339 296.477 183.024 152.352 92.7233 139.028 97.9386 141.524 213.835 205.892 198.175 183.997 69.9537 83.6167 79.5544 232.353 143.891 154.479 24.8809 200.46 140.127 104.296 141.793 98.5658 64.8695 305.292 37.7205 190.845 68.0454 104.21 136.205
216.714 124.989 73.5105 190.763 138.27 167.444 225.13 157.899 138.677 214.253 113.505 57.4512 265.758 24.6887 162.977 54.6266 75.4151 47.0976 122.91 87.7392 57.4424 197.096 165.125 219.052 178.876 173.187 128.242 74.9497 57.1668 105.187 58.9377 182.794 202.953 203.166 104.091 144.992 165.477 223.039 49.6661 205.612 157.705 152.933 178.31 256.122 98.1945 205.036 132.897 180.32 241.397 126.322
91.8441 152.572 320.346 82.8444 121.993 171.746 107.354 92.8587 123.145 39.4763 139.408 255.514 31.9491 246.099 90.3888 278.174 314.35 296.094 128.164 327.254 302.7 204.83 172.608 77.7642 129.551 117.241 157.924 215.258 217.995 214.487 192.792 70.313 105.507 101.364 230.588 162.342 174.776 45.4531 206.137 162.451 121.701 136.412 92.5708 42.8987 306.937 49.2383 209.164 84.1289 127.076 151.822
21.4035 101.433 292.765 28.8296 121.584 104.942 38.5282 78.8501 80.8636 72.644 107.869 239.774 102.28 208.626 64.4816 258.304 291.07 260.457 110.094 304.06 275.913 134.869 106.179 124.342 157.015 55.2497 103.564 205.504 175.073 158.797 161.095 79.7288 35.5901 31.6734 230.092 101.32 108.218 26.3761 183.598 91.8977 66.1466 151.55 114.051 109.522 294.097 42.7868 147.683 40.6573 61.4845 100.316
165.121 78.8228 157.539 152.212 157.51 88.3789 166.076 149.667 109.275 204.554 104.821 151.534 255.927 73.0676 144.087 151.95 166.792 112.189 128.54 177.281 146.343 105.727 86.0251 231.46 213.578 121.668 74.0814 150.531 46.3723 18.2077 83.0761 178.875 147.971 150.078 185.568 77.2441 85.3267 191.309 109.901 126.996 111.716 188.92 192.474 252.661 195.453 182.256 41.5379 147.693 174.512 79.5825
75.1461 147.148 324.716 73.5162 131.667 159.332 88.9713 96.9931 120.046 52.9226 140.34 263.09 52.4628 246.717 90.613 284.692 320.043 297.672 132.89 333.038 307.231 189.631 160.439 97.9735 146.696 106.797 151.351 224.169 216.452 207.941 194.768 79.7866 90.5034 86.5771 242.192 152.988 162.531 34.1567 211.177 146.069 113.92 150.696 107.146 65.0255 315.694 48.4947 199.91 78.2237 107.072 146.247
169.674 118.641 173.929 136.041 39.823 174.596 185.562 81.8568 101.706 120.284 76.3017 100.631 164.584 127.483 97.1074 125.733 163.31 164.524 56.6517 175.513 156.514 216.883 173.252 106.797 60.6046 141.918 127.85 58.2205 121.683 155.638 81.6211 91.0091 164.444 162.152 71.4375 148.399 174.96 150.367 69.1878 199.586 127.707 34.9453 70.1785 151.01 148.486 127.045 172.524 122.652 208.875 119.442
25.3187 72.614 270.596 36.2742 127.769 62.6065 27.9095 86.5546 65.0675 105.329 95.0048 226.604 143.049 182.627 69.5831 241.866 271.588 234.058 106.848 284.332 254.638 92.8127 64.0039 153.907 174.592 24.3631 71.448 197.755 146.817 122.279 141.681 100.62 7.76272 11.1355 226.844 63.2704 65.9606 66.5961 168.882 51.957 40.4683 162.945 133.426 148.14 280.973 73.5229 107.668 46.3723 47.0779 71.3062
34.4897 59.5085 256.228 26.5703 111.117 63.2508 43.351 70.6604 48.2249 96.0564 78.1671 210.302 138.256 169.241 53.7916 226.129 256.541 220.954 89.6897 269.362 240.002 99.3014 64.0724 142.288 159.343 10.7135 60.075 180.82 134.146 114.262 126.227 87.2667 20.6678 20.433 209.71 56.6149 66.2455 63.7479 152.663 62.9703 25.0302 146.714 118.982 141.347 264.747 65.0589 103.194 32.8911 64.1128 58.2673
138.065 70.2239 198.98 132.828 164.375 52.8866 135.333 145.454 101.53 194.418 108.837 186.718 242.948 112.397 135.545 190.157 207.509 153.911 133.891 218.33 187.248 63.9658 50.8231 229.345 221.951 99.0153 61.777 178.894 79.9613 30.6443 107.761 173.396 120.507 123.416 214.157 53.0373 49.462 171.98 138.405 88.904 93.9729 199.548 193.744 242.595 233.744 167.795 6.81707 131.829 139.783 70.2914
126.649 78.1558 225.1 127.774 175.024 39.2425 120.786 150.255 106.571 193.917 120.25 210.579 239.66 138.047 138.011 215.191 233.42 180.062 144.752 244.341 213.228 37.9023 38.0445 233.303 232.238 93.3679 68.7422 199.923 104.522 55.9358 128.652 176.461 109.437 112.913 234.957 52.5538 35.9704 165.608 160.052 68.2818 92.6756 211.468 200.439 241.259 258.719 165.041 28.1243 129.431 121.41 77.775
281.329 187.415 39.0378 258.281 210.471 218.991 287.391 229.509 206.385 286.33 183.695 100.957 338.027 78.0536 233.44 78.4437 58.5051 26.3641 194.967 61.155 44.1932 239.269 216.586 290.93 248.189 236.635 188.367 136.513 112.881 148.558 129.553 254.979 266.165 267.005 155.725 201.16 216.332 292.589 121.192 258.219 222.189 222.781 250.404 328.494 104.206 275.737 175.092 248.856 300.74 188.685
244.365 155.133 51.1336 216.441 151.329 200.317 254.071 177.871 165.015 231.712 137.505 34.1162 281.575 58.0478 185.401 21.1028 45.8245 51.134 141.998 58.8279 33.427 230.913 198.031 229.307 182.836 202.025 159.298 69.0988 90.8593 139.18 84.8694 200.026 231.584 231.434 88.4663 177.061 198.484 246.08 63.671 238.016 186.151 158.215 190.036 270.258 64.3669 226.44 166.865 205.103 271.543 156.469
57.155 36.925 234.501 42.8543 103.919 51.3951 64.0315 68.5745 33.2214 106.751 61.8907 191.306 153.269 146.905 53.5584 205.969 235.441 198.523 78.2891 248.179 218.495 92.4912 51.4243 148.169 156.786 12.2953 37.4105 164.229 111.544 92.5127 105.696 91.3517 41.9853 42.6653 194.786 37.0966 53.6554 82.2111 133.552 65.2531 7.44865 140.893 119.411 154.152 245.521 78.219 83.9777 42.3478 81.9191 35.6581
60.9211 108.063 301.943 87.1563 178.977 66.8894 44.0037 138.421 111.807 153.095 140.688 267.188 183.285 212.028 121.468 279.474 305.761 261.156 156.106 318.029 287.293 69.4027 69.2711 203.525 226.573 70.7954 102.842 242.538 175.158 138.159 179.961 151.998 53.7944 57.6165 273.571 85.4611 69.8743 108.456 209.817 28.7144 85.5364 214.647 185.228 191.52 320.672 121.502 115.062 98.2194 28.9534 106.76
134.74 49.237 156.263 107.703 76.0069 103.367 144.737 79.3782 55.711 137.208 31.7226 110.337 189.754 75.0552 81.3269 124.681 155.281 125.906 49.3869 168.185 139.492 142.643 101.495 153.984 131.19 92.8221 56.146 88.1148 49.7117 73.9797 24.7812 107.271 122.147 121.867 121.995 76.9377 102.715 140.424 52.8184 136.424 76.7815 106.461 113.412 182.772 164.299 123.655 91.5015 97.2542 163.249 50.491
82.9343 32.5991 221.919 75.9409 125.692 24.1497 83.5208 96.8841 54.223 139.984 74.1617 189.204 186.906 132.103 83.9679 200.026 225.641 181.965 96.5647 237.89 207.161 66.8416 22.9223 179.315 181.714 42.0141 24.6592 168.776 95.2591 64.4682 101.817 122.409 65.5606 67.9518 202.034 5.63165 24.7898 114.992 132.851 56.3154 38.5877 162.864 147.594 187.641 241.873 111.852 51.1688 75.9377 94.1108 31.574
155.517 96.7542 165.97 122.482 36.6829 153.038 170.334 71.4382 82.7211 118.826 55.2612 97.6357 167.159 109.709 84.4703 120.847 157.746 150.934 39.688 170.452 148.269 194.974 151.596 115.473 77.8259 123.974 105.805 58.1104 100.199 132.626 60.3983 87.5915 148.481 146.589 81.4801 126.605 153.231 142.057 54.345 179.715 108.99 51.6568 75.3642 155.439 149.564 119.684 149.475 109.23 192.875 97.6282
235.965 163.047 112.22 203.583 115.068 217.588 249.714 153.412 159.024 197.033 129.161 36.8964 241.113 108.796 166.232 61.4427 96.7178 121.338 120.623 107.169 97.1187 255.714 215.668 180.743 126.814 200.524 170.408 26.5185 126.03 173.596 96.2086 167.099 227.321 225.892 17.9389 191.236 216.809 223.929 64.6863 250.249 184.624 106.378 146.693 226.937 72.5134 201.281 198.149 190.515 271.14 164.236
168.8 89.5808 131.313 138.589 73.627 144.002 180.751 97.0585 89.4088 151.377 59.8563 73.0785 202.094 69.7329 105.267 91.5276 126.054 111.725 61.1724 139.064 113.662 182.721 142.105 154.491 117.417 129.818 96.7911 47.498 65.2787 106.148 26.4262 119.7 158.078 157.205 81.87 117.61 143.284 165.899 17.1643 176.846 113.678 91.1676 113.672 191.851 127.593 145.756 127.99 126.473 200.789 90.7941
160.017 79.4876 136.831 130.385 72.1124 133.865 171.575 91.2843 80.4032 146.921 51.2891 82.0674 198.31 68.8845 98.2726 99.2737 132.78 114.075 55.7449 145.809 119.332 172.699 131.973 153.359 119.714 120.37 86.6516 57.6205 59.2038 97.5316 19.1734 115.391 148.889 148.136 91.8323 107.466 133.16 158.956 24.6414 166.753 104.214 93.5725 112.237 188.81 136.537 139.465 118.635 118.556 191.307 80.7078
36.2304 73.5243 271.331 50.4283 138.631 52.2581 31.2414 98.5332 72.1273 119.728 101.578 230.987 157.072 182.327 81.6633 244.983 273.39 233.173 115.892 285.978 255.819 79.0741 53.9769 168.066 187.179 30.6287 70.5105 204.141 145.883 116.933 144.714 114.228 20.3516 24.4935 234.353 58.3577 55.7186 80.513 173.265 37.5411 46.0434 174.486 146.552 162.453 285.06 87.9334 99.6981 59.7288 43.0006 72.1874
118.227 26.2187 172.518 95.3031 90.0677 78.2388 125.994 80.8269 44.7248 137.207 35.5796 133.421 189.419 85.5467 77.4172 145.648 173.786 137.381 60.0652 186.44 156.568 117.484 76.3336 162.024 147.353 74.1315 31.6261 113.262 52.0053 56.7219 46.003 110.042 103.913 104.301 147.22 51.9757 77.5209 131.657 76.7494 112.191 58.9769 124.19 123.281 184.754 186.651 118.324 69.2349 87.0817 142.637 27.5525
246.669 171.818 104.303 214.504 126.856 225.68 260.144 164.849 169.162 208.901 139.23 32.3513 252.987 110.261 177.419 54.2939 87.7649 117.537 131.675 97.5881 90.1191 263.033 223.704 192.434 138.123 210.518 178.886 36.5534 130.574 178.972 103.322 178.904 237.67 236.341 25.4242 199.527 224.767 235.441 71.5607 259.084 194.532 118.086 158.575 238.764 60.9104 212.884 204.219 201.505 281.298 173.035
224.461 130.477 80.0864 202.954 167.575 161.139 229.859 179.519 151.73 237.266 131.954 95.1867 289.708 26.7288 181.204 85.3285 91.1882 34.54 147.106 100.659 70.4883 183.314 158.734 248.767 213.433 179.607 130.854 114.658 55.9167 91.3128 80.8074 206.777 208.926 209.944 144.055 143.147 158.541 238.69 84.4978 200.363 165.619 187.205 207.583 281.896 126.292 223.421 118.49 194.357 242.784 131.713
156.11 67.3017 134.484 129.534 89.4819 117.634 165.505 99.4805 77.4815 157.063 52.9318 92.4749 209.421 54.3447 102.676 104.597 133.989 104.428 66.818 146.828 117.818 154.155 115.554 169.882 140.968 113.457 72.6244 76.9613 36.2248 74.427 5.65003 126.427 143.036 142.953 112.123 92.202 116.469 162.164 37.3239 153.024 97.6036 115.144 128.774 201.562 145.459 144.976 96.9364 119.118 183.222 68.625
75.6096 18.4843 216.445 58.4326 99.4742 49.9822 82.0981 70.3423 27.4993 116.374 50.5212 175.356 165.342 128.526 58.2515 189.06 217.804 180.095 71.0539 230.475 200.589 92.8921 49.1485 153.367 155.079 30.7614 19.7652 150.431 93.0754 76.2204 88.7961 96.6319 60.3398 61.1271 182.228 27.4478 51.173 97.576 117.748 74.2195 17.9783 136.724 120.9 164.559 229.271 90.3538 71.4843 54.7123 98.7472 17.2032
205.318 111.612 89.0062 182.098 143.256 148.317 211.977 156.044 130.305 213.66 108.91 82.7134 266.003 2.42322 158.482 79.459 95.2923 50.1053 123.117 106.636 75.4545 175.126 145.942 224.454 189.544 160.778 113.238 94.8525 38.0101 82.394 56.6963 182.959 190.434 191.128 126.551 127.798 146.054 216.858 61.4435 187.191 146.106 163.298 183.272 257.91 122.778 200.796 110.282 172.865 226.445 112.903
111.258 18.1978 183.408 92.9752 105.271 60.4959 116.569 89.6735 47.9626 143.347 49.7377 149.64 194.574 94.2343 82.8831 160.191 186.314 145.302 74.7972 198.699 168.198 98.8999 58.4741 172.949 162.843 66.3507 17.6071 131.462 57.9776 45.5484 62.4982 118.641 95.51 96.6027 165.663 35.0578 59.5097 131.35 93.9736 96.1043 53.3261 140.574 135.778 191.56 202.068 121.063 52.4289 87.0944 130.944 19.2205
181.933 101.147 165.546 172.354 182.997 99.2112 180.749 173.917 132.43 227.83 129.929 169.85 278.63 88.7992 167.413 167.147 177.27 118.823 153.883 186.639 156.571 106.303 97.0532 256.313 239.115 140.192 95.1984 172.869 68.9934 39.0713 107.501 203.039 164.46 167.002 207.508 94.1489 95.8401 211.716 132.707 135.486 131.998 214.432 217.642 276.099 210.029 204.26 50.055 169.026 186.285 101.745
155.777 61.9377 137.296 133.685 112.558 102.258 162.295 114.415 82.7455 172.057 66.3142 110.177 224.615 48.1832 113.759 116.999 140.831 99.6781 86.2546 153.028 122.307 134.431 99.9704 190.883 166.48 111.134 63.7304 101.995 13.866 48.2445 32.6973 143.019 140.758 141.498 137.287 79.5851 100.436 169.791 61.2273 140.19 96.6567 141.071 150.33 218.524 159.972 155.525 73.1466 125.303 177.107 63.2237
190.358 99.7349 100.04 163.979 114.468 145.513 199.274 131.514 111.935 188.298 86.6438 66.9954 240.129 28.125 136.183 73.5114 100.203 72.023 96.9566 112.908 83.4748 178.161 143.27 195.685 159.191 147.236 103.772 67.7706 40.0561 89.2963 32.0649 157.016 176.941 177.009 101.603 121.72 143.846 196.167 31.1818 182.767 131.566 132.958 154.617 231.052 116.233 178.309 115.879 153.454 216.229 101.072
191.557 100.465 98.7043 165.478 117.11 145.454 200.252 133.675 113.39 190.58 88.4832 68.0921 242.48 25.265 138.102 73.6065 99.4066 69.7258 99.2737 112.033 82.3253 177.604 143.194 198.341 162.029 148.243 104.266 70.2175 38.816 88.1761 33.9329 159.35 177.979 178.11 103.848 121.927 143.727 197.959 34.0084 182.918 132.651 135.793 157.254 233.505 116.576 180.28 114.972 155.08 216.975 101.801
282.463 196.052 47.9736 252.938 177.423 243.15 293.318 209.689 202.761 259.91 173.899 43.4597 307.243 101.327 219.338 24.247 28.4171 79.8853 174.101 36.2229 40.2803 274.419 240.892 249.836 197.786 241.498 200.88 85.1955 134.357 182.759 124.425 228.645 270.671 270.19 87.0354 219.33 241.422 279.717 97.9749 280.408 225.42 175.852 213.271 294.257 22.3342 258.712 210.447 240.905 311.839 197.38
176.986 131.623 183.242 143.257 45.1371 187.154 193.491 88.2044 112.761 120.082 88.9448 108.244 161.174 141.219 104.356 133.912 171.462 176.519 67.5168 183.305 166.088 229.688 185.896 100.262 49.2687 151.945 140.936 65.8726 136.385 170.246 96.3186 92.7961 172.991 170.446 71.8697 161.216 187.664 154.073 82.4452 210.742 138.354 25.9417 67.2658 146.56 153.027 130.465 186.719 129.943 217.222 132.362
112.043 57.8672 217.838 109.724 154.751 25.8932 108.536 129.871 86.1199 174.525 100.243 197.144 221.21 128.831 117.876 203.75 224.587 174.279 124.565 236.037 204.854 47.3079 23.8499 213.081 211.876 75.3491 48.4202 183.604 93.3412 48.5589 112.781 156.306 94.5265 97.6476 218.326 32.3417 22.4706 148.276 144.497 62.8745 73.1214 191.329 179.981 222.172 246.981 146.262 23.6922 110.413 112.865 57.4381
113.062 73.139 201.105 79.617 24.2179 125.203 128.698 28.3776 48.2615 81.8852 33.4503 138.36 133.458 130.826 41.1002 159.769 195.398 178.686 10.176 208.356 183.456 168.123 124.269 94.6193 80.959 86.0244 82.5384 100.992 109.198 125.671 76.4621 50.3882 107.56 105.254 124.582 100.772 126.228 99.0411 86.8991 145.532 72.8876 61.4644 54.6212 124.762 191.617 77.318 134.874 66.2574 151.98 73.5064
271.992 179.043 22.4124 246.842 191.419 216.24 279.54 213.848 194.718 269.614 169.87 75.6569 320.595 69.5208 219.308 52.7105 37.258 24.5761 178.509 44.0928 19.2832 240.643 213.852 270.884 226.003 227.916 181.24 112.774 106.325 148.085 115.3 238.004 257.683 258.136 130.357 196.115 213.864 279.403 101.965 255.267 212.778 201.035 230.907 310.197 80.8407 261.302 175.647 236.581 294.591 180.356
87.4721 9.86837 203.211 66.1644 89.681 60.8244 95.4097 65.8887 22.0627 116.972 37.5756 160.838 167.666 116.205 56.8112 174.817 204.045 167.991 60.0655 216.781 187.132 103.474 59.5951 149.778 146.449 43.4202 17.859 135.988 81.7033 71.9922 74.5129 94.0078 73.191 73.5203 168.038 35.2928 61.407 104.103 103.198 88.2018 28.2249 126.664 114.878 165.304 214.817 93.7591 72.7727 59.7265 112.913 9.44051
123.129 89.8719 244.065 129.273 186.238 40.3663 114.69 158.131 115.558 197.616 132.633 228.809 240.937 156.986 144.577 233.91 252.401 198.935 156.436 263.329 232.215 19.7194 40.2761 239.735 242.805 95.6036 80.4393 216.804 123.174 74.8679 145.745 182.822 106.698 110.537 251.641 61.4292 38.0522 165.364 177.354 57.9321 98.0728 223.169 208.944 243.942 277.402 167.499 46.9997 132.835 111.708 89.2677
12.9864 88.3636 286.099 39.5227 136.423 75.9727 12.9995 93.9573 78.395 103.654 108.254 240.677 136.392 198.413 77.1976 256.543 286.761 249.915 117.904 299.551 270.023 101.698 77.6013 154.155 179.89 39.4803 87.4261 210.619 162.721 138.004 156.566 103.835 9.78043 10.9634 238.748 78.9635 79.4137 60.1747 183.069 57.9773 55.2078 170.297 137.711 143.273 295.139 72.0528 122.528 52.0632 35.9613 87.0666
72.5721 65.4822 253.955 80.187 151.867 18.6904 65.7804 117.217 79.6653 149.722 104.499 223.081 190.965 163.992 101.739 233.635 258.479 212.628 124.62 270.565 239.652 45.6187 20.9748 194.786 205.485 48.4933 58.346 202.129 127.172 89.632 135.698 138.572 55.9702 59.8069 234.955 38.5512 21.9819 114.941 166.676 22.5554 56.0951 189.043 167.897 194.859 275.656 118.729 67.8733 85.6551 68.4855 64.3167
166.758 127.079 193.475 133.081 35.2512 181.699 183.603 77.8908 105.867 107.458 84.3191 119.309 148.584 146.819 94.4254 144.744 182.34 184.559 61.1549 194.367 176.147 224.489 180.572 88.3571 40.6337 143.789 136.506 76.7898 138.881 169.65 99.0522 80.5832 163.576 160.864 84.5461 156.247 182.422 142.249 88.9748 203.487 130.851 14.9558 54.5688 134.129 165.209 118.602 184.482 119.874 207.562 127.714
289.383 199.632 23.6323 261.401 192.574 242.897 298.96 221.671 210.038 274.232 182.383 60.7913 323.028 96.4483 229.855 35.3525 3.45813 63.2929 185.778 14.5562 22.4575 271.176 240.566 267.863 217.703 246.904 203.414 103.232 132.222 178.443 129.873 242.647 276.512 276.405 110.085 220.518 240.868 290.54 107.643 281.159 231.08 194.68 229.979 310.846 42.8195 270.488 206.331 249.967 316.134 200.969
74.5766 37.4968 230.116 69.6151 126.495 23.4834 74.7263 95.2145 54.2083 135.437 76.9989 195.877 181.238 140.407 81.3005 207.337 233.518 190.499 98.1726 245.839 215.203 66.1004 23.1095 176.452 181.646 35.2435 30.8784 174.141 103.61 73.2149 108.441 119.532 57.1163 59.6635 206.92 14.4465 25.297 108.243 139.092 49.8316 34.8032 163.756 146.168 182.664 248.89 106.466 58.7555 70.8429 85.3999 36.3118
142.289 166.035 293.455 118.661 93.2446 203.461 160.374 90.9438 134.367 49.7418 135.929 221.041 53.4828 233.657 100.592 246.079 283.616 278.529 114.843 295.897 275.849 243 203.552 14.0303 71.6213 149.152 174.089 178.58 213.901 225.894 179.709 62.4378 150.332 146.187 184.737 186.039 205.784 96.739 182.344 206.285 145.98 88.3223 53.1322 35.8358 267.203 81.4597 229.075 111.821 183.473 165.811
100.388 6.50454 191.667 80.475 96.1488 60.406 107.003 77.4551 35.0181 130.427 41.0655 153.248 181.54 103.562 69.9979 165.619 193.447 155.148 65.7217 206.038 175.958 101.467 58.7175 161.09 153.624 55.6665 12.5863 131.627 68.255 58.3444 65.9012 106.217 85.303 86.0336 164.919 33.716 60.1632 118.553 96.2637 92.6775 41.558 132.323 124.704 178.683 206.6 107.994 62.2912 74.1756 122.939 7.82375
136.291 102.191 203.141 102.595 5.38056 154.801 153.09 47.4126 77.7553 83.8006 60.6636 133.568 130.43 143.528 63.9122 157.474 194.61 187.194 35.6795 207.229 185.445 197.722 153.864 78.9905 52.4908 114.039 111.641 92.3174 128.135 151.347 90.7441 53.9397 133.117 130.371 108.551 130.264 155.818 113.654 90.97 174.372 101.769 31.8885 38.3103 118.321 183.851 90.1876 162.786 89.3678 177.054 102.638
160.901 75.5527 161.788 148.492 156.29 83.6971 161.649 147.247 106.337 201.711 103.019 154.314 252.896 76.6067 141.24 155.331 170.793 116.601 127.03 181.386 150.396 101.25 81.3463 229.438 212.668 117.638 70.4642 152.152 48.3556 14.0278 83.8149 176.417 143.704 145.861 187.29 72.9248 80.6362 187.666 111.418 122.292 107.983 188.226 190.733 249.891 198.881 178.992 36.8886 144.233 169.907 76.2641
221.544 135.405 78.3506 192.471 124.145 184.395 232.259 151.733 141.854 204.863 113.324 26.9127 254.471 55.8382 160.049 37.245 71.3378 71.2025 115.836 84.3175 60.6569 218.149 182.211 202.143 156.484 180.44 140.648 44.9363 80.0206 129.388 63.5446 173.2 209.617 209.162 71.2044 159.737 182.917 220.709 37.786 220.778 164.359 131.524 162.803 243.05 77.4075 200.543 156.094 180.705 250.852 136.725
